-5.289423358839002276e+02
-5.045159178158733653e+02
-5.130280732407675259e+02
-5.390599563935771812e+02
-5.385509552052351410e+02
-5.229058016143375198e+02
-5.448328961030207438e+02
-5.071859476297786955e+02
-5.233658520572819270e+02
-5.275308531770560876e+02
-5.190416515294798501e+02
-4.976891084857643364e+02
-5.159360420719480089e+02
-5.400305824743099947e+02
-5.430443459062577176e+02
-5.297255073827235492e+02
-5.074137127428662097e+02
-5.459487757618771866e+02
-4.983303565624989346e+02
-4.913591409103049159e+02
-5.265721678381482889e+02
-5.480361301377768086e+02
-5.341072180495561952e+02
-5.111232581777477435e+02
-5.277049168801055430e+02
-5.393563260992845017e+02
-4.968056769058734972e+02
-5.364919683189839361e+02
-5.216297634100837968e+02
-5.376500991598746850e+02
-5.282235913819364441e+02
-5.462581440913908182e+02
-5.375851429704804332e+02
-5.444040732882839393e+02
-5.416255804562333651e+02
-5.180456336770515691e+02
-5.369497284546137053e+02
-4.870617476269133022e+02
-5.268767175071354814e+02
-5.217273326175281909e+02
-5.449579206921683863e+02
-5.079230598728719883e+02
-5.103563201093368207e+02
-5.382042498525468091e+02
-5.390901221529881013e+02
-5.155429083820272353e+02
-5.233318974718733898e+02
-5.348998139526901241e+02
-5.386383539527120092e+02
-5.392801435194022588e+02
-5.166979218283199771e+02
-5.310988559470150676e+02
-5.111446805697308378e+02
-5.322772019541772579e+02
-5.279595443508026165e+02
-5.470971546750439529e+02
-5.355600236794797411e+02
-5.276521657642485934e+02
-5.287885143941750812e+02
-5.336319403295159418e+02
-5.257673771569023984e+02
-5.481180965943369756e+02
-5.231554062276935610e+02
-5.357348518542698912e+02
-5.447012279740464464e+02
-5.195832269068814639e+02
-5.317471888401040587e+02
-5.360445127114719526e+02
-4.832031760309463948e+02
-5.387937260420853818e+02
-5.379750918628525369e+02
-4.837628989117101810e+02
-5.133266338129651558e+02
-5.199334651768010644e+02
-5.201535915744912018e+02
-5.309468137758804005e+02
-5.414859372314112989e+02
-5.414923478095143992e+02
-5.198316874198103505e+02
-5.139019082181565636e+02
-4.821559352639817462e+02
-5.383597574893710771e+02
-5.143084710596123159e+02
-5.325101152818451737e+02
-5.140849019547548551e+02
-5.375537411843740756e+02
-5.112867341910600203e+02
-5.032318439616640262e+02
-5.454714818616582761e+02
-5.296001993091986151e+02
-5.257748394636395233e+02
-5.162819462306996456e+02
-5.336438875851490593e+02
-5.414349884548443015e+02
-5.256640335538909312e+02
-5.405447988863145383e+02
-5.478848265834393487e+02
-5.137536823698669650e+02
-5.344327108737838898e+02
-5.335046990538456839e+02
-5.158491450874309976e+02
-5.415993541612656372e+02
-5.499326500604809098e+02
-5.264900565208960188e+02
-5.319774144124248778e+02
-5.413067248699301217e+02
-5.155328440695550398e+02
-5.297391135576538090e+02
-5.271874741137144156e+02
-5.413037682905202246e+02
-5.143903047871983745e+02
-5.512086081429366686e+02
-5.334172574574607779e+02
-5.191793659790432685e+02
-5.520339044255852059e+02
-5.125297624960611529e+02
-5.029250762776554211e+02
-5.139989748387582722e+02
-5.208628493166702356e+02
-5.409578069566390468e+02
-5.320146102659745111e+02
-5.267865607081137114e+02
-5.157417975276557627e+02
-5.200333047221171228e+02
-5.339110911690260082e+02
-5.354426959375030037e+02
-5.307803427429382737e+02
-5.330426379092714342e+02
-5.369129781230806202e+02
-5.138531294465087740e+02
-5.454663522706256344e+02
-5.335397301333731548e+02
-5.341392273414393230e+02
-5.253238934130494044e+02
-5.322558890024729408e+02
-5.495189781940542844e+02
-5.366639064243505572e+02
-5.323335920987495911e+02
-5.482831529111609825e+02
-5.031436498904534460e+02
-5.287502185854078789e+02
-5.385562961418506802e+02
-5.066958386185185077e+02
-5.017380052623254301e+02
-5.339623541064639767e+02
-5.423468828123799312e+02
-5.212934165797885271e+02
-5.156925565273605798e+02
-5.384038755054656349e+02
-5.433054738219871069e+02
-5.331043831369054260e+02
-5.071169897361154426e+02
-5.514932178913253438e+02
-5.475994347181917874e+02
-5.489560755194156627e+02
-5.498747236335132129e+02
-5.437588069255863275e+02
-5.453221123881239691e+02
-5.330365569276737006e+02
-5.355095644228287028e+02
-5.187953464748788974e+02
-5.541400691946608958e+02
-5.246865121442976942e+02
-5.537792799514990065e+02
-5.505939043076372172e+02
-5.200874707220177697e+02
-5.144961522594883263e+02
-5.389247589659707955e+02
-5.294918104856664058e+02
-5.392079331752108828e+02
-5.485550846904669697e+02
-5.482713127955018990e+02
-5.193222872752197645e+02
-5.392093167767842488e+02
-5.498588019051732090e+02
-5.331149378972642126e+02
-5.281929207015913335e+02
-5.402654036466250318e+02
-5.467119200300584225e+02
-5.413507727422427251e+02
-5.117207659874005117e+02
-5.028878647470692158e+02
-5.308105054802854283e+02
-5.048686114817614339e+02
-5.136098497792984290e+02
-5.205299030885774982e+02
-5.484015847814010840e+02
-5.330777047513537354e+02
-5.246029490354167137e+02
-5.184265472338161089e+02
-5.234527657338862809e+02
-5.457947676379917539e+02
-5.447892062809020217e+02
-5.377343615139900521e+02
-5.472280551667141708e+02
-5.253384963586294134e+02
-5.341149613710576887e+02
-5.446057461221062113e+02
-5.378044835414116278e+02
-5.340985346975359107e+02
-5.204553061801278773e+02
-5.300753607982512676e+02
-5.270326744814142330e+02
-5.320193709451477844e+02
-5.218144071331935265e+02
-5.493989323246681806e+02
-5.502044358308061192e+02
-5.307203337161796526e+02
-5.449768855943896142e+02
-5.544513517848101856e+02
-5.304278544771102588e+02
-5.398701750903950369e+02
-5.288321070271299504e+02
-5.492852015533636632e+02
-5.438160144219093581e+02
-5.280911326915611426e+02
-5.489350571021060432e+02
-5.202163121299718114e+02
-5.473912930736908038e+02
-5.339710169534351962e+02
-5.221086409479680697e+02
-5.220259881642480195e+02
-5.522858434919553474e+02
-5.536635804932105884e+02
-5.216594846560866472e+02
-5.569460810214543471e+02
-5.345539279752075572e+02
-5.233357888489464358e+02
-5.301723411927807774e+02
-5.462015305889975707e+02
-5.347833493040878921e+02
-5.453743961499492343e+02
-5.260167934770520333e+02
-5.367472228030394490e+02
-5.496984133058663247e+02
-5.409511801558113575e+02
-5.375179438763460666e+02
-5.444037664085748247e+02
-5.461191250411881128e+02
-5.279489522264067318e+02
-5.377045799026698205e+02
-5.279415791240273848e+02
-5.234576655717811491e+02
-5.510973535969767454e+02
-5.515259234574716629e+02
-5.237299654768993378e+02
-5.188854133401998752e+02
-5.103862454833126208e+02
-5.485466723090199821e+02
-5.312934181886766964e+02
-5.466078891022310700e+02
-5.469368613560867516e+02
-5.375915441549281013e+02
-5.163733841640042783e+02
-5.318880283270531208e+02
-5.571242765297866981e+02
-5.539591304567110228e+02
-5.478421580488491145e+02
-5.093046521709235890e+02
-5.272867452741006673e+02
-5.109286253440407108e+02
-5.175053384993952932e+02
-5.511061367336668582e+02
-5.454805636513526679e+02
-5.471899282779014584e+02
-5.551369843405252595e+02
-5.463105864577992179e+02
-5.394175470100256007e+02
-5.486545154945356444e+02
-5.492393630231126735e+02
-5.455774579839053331e+02
-5.150147875263934338e+02
-5.494613721721067350e+02
-5.445097992395716346e+02
-5.412654809727988550e+02
-5.427933095270922195e+02
-5.157378677118804262e+02
-5.298030361714677383e+02
-5.160361132595729714e+02
-5.120947006230604757e+02
-5.476190333581465666e+02
-5.280625580475458491e+02
-5.135717143658488339e+02
-5.376679892980114346e+02
-5.385618074782911435e+02
-5.570968215178472747e+02
-5.286313449337019392e+02
-5.207075970294451963e+02
-5.283267376598500960e+02
-5.459991238271702514e+02
-5.053325227952997238e+02
-5.355683222879549703e+02
-5.333198176397036150e+02
-5.163411851643454611e+02
-5.325510533801110569e+02
-5.104799538730973723e+02
-5.240375248951515914e+02
-5.423588668641083359e+02
-5.393814354811280509e+02
-5.285031220017954183e+02
-5.424846232783361302e+02
-5.041202767965262410e+02
-5.446902872436490952e+02
-5.445988140784206735e+02
-5.268511100039642088e+02
-5.558174493776730287e+02
-5.323529793143002280e+02
-5.322849224025076182e+02
-5.013556393947556558e+02
-5.159875211512598980e+02
-5.309001513466712368e+02
-5.276062088497554896e+02
-5.473778921171683578e+02
-5.162422108070632021e+02
-5.452152337427820612e+02
-5.358195321287246315e+02
-5.501345753485819614e+02
-5.490366947175560881e+02
-5.100279198015253428e+02
-5.212664738553120287e+02
-5.375177211496803693e+02
-5.195231591566251836e+02
-5.461854398628536273e+02
-5.232187195920931799e+02
-5.117107213397592886e+02
-5.554535029771578820e+02
-5.382710914569331635e+02
-5.412618561047402181e+02
-5.572868365422657462e+02
-5.439025811793686671e+02
-5.543259583767468257e+02
-5.308594021570122550e+02
-5.295856156569479936e+02
-5.554374722737185266e+02
-5.049561918093137365e+02
-5.502189663660536780e+02
-5.449190200585736648e+02
-5.080191307192311569e+02
-5.375504576477967476e+02
-5.506910382299148523e+02
-5.449123890309261924e+02
-5.301034206463181135e+02
-5.466890542639548585e+02
-5.225026442517665828e+02
-5.161412826343591860e+02
-5.371400401894070455e+02
-5.450715729836856553e+02
-5.513167306618740895e+02
-5.247164488612602327e+02
-5.393317778777188778e+02
-5.538161223449542376e+02
-5.376500817566011392e+02
-5.126527184597217683e+02
-5.114519753432169296e+02
-5.063980770843944583e+02
-5.048046747556393257e+02
-5.380679624711812039e+02
-5.496818746051829976e+02
-5.411967766521449903e+02
-5.411666406512453023e+02
-5.191020309384085749e+02
-5.198157963561939141e+02
-5.319191170134138247e+02
-5.411680002796344979e+02
-5.288361646973071402e+02
-5.586893362471261071e+02
-5.386596129646019335e+02
-5.332682868970421168e+02
-5.417311950110657790e+02
-5.310312223928522144e+02
-5.239868472580541265e+02
-5.406803946464210640e+02
-5.085427364414618410e+02
-5.579998522547988387e+02
-5.573183991211019475e+02
-5.107119980788630755e+02
-5.064582663134364111e+02
-5.384623679956848719e+02
-5.433683294664025425e+02
-5.474880406771745811e+02
-5.405235065529581107e+02
-5.154638468006967287e+02
-5.388644775809759722e+02
-5.354681795668113864e+02
-5.222331580651693912e+02
-5.185243564426939429e+02
-5.296923713837172727e+02
-5.087103522613984410e+02
-5.157079056784410795e+02
-5.296184853071606540e+02
-5.274471892046441326e+02
-5.548226840162694771e+02
-5.481846627471460351e+02
-5.373911915416342708e+02
-5.367980790243467482e+02
-5.279418634781784476e+02
-5.170073398265227524e+02
-5.268260939381407297e+02
-5.310973324763024266e+02
-5.440066116431975161e+02
-5.314665740640934928e+02
-5.260417261396061122e+02
-5.134865342512283632e+02
-5.156476165952608426e+02
-5.221683169175670400e+02
-5.440036328286839762e+02
-5.220621869804602966e+02
-5.399743189349223940e+02
-5.093995163606769552e+02
-5.307285056880309639e+02
-5.425739800827939234e+02
-5.467423108377861354e+02
-5.229946734409172677e+02
-5.464880007623534084e+02
-5.278317646284381226e+02
-5.221955782028790054e+02
-5.302993758014386003e+02
-5.428801266589678107e+02
-5.494946099761523328e+02
-5.417825421651872375e+02
-5.228712938481750143e+02
-5.134747837114881577e+02
-5.307964061427902607e+02
-5.470004946859394295e+02
-5.255540460747852194e+02
-5.436769808882118014e+02
-5.394230163164269243e+02
-5.120712355902219315e+02
-5.420086112446422248e+02
-5.263404197227553141e+02
-5.462333517581229216e+02
-5.335315984235471660e+02
-5.162784361135475137e+02
-5.433190275103589784e+02
-5.477150285491571822e+02
-5.166335671265654810e+02
-5.299555989021606592e+02
-5.274360330134577453e+02
-5.234669603546325334e+02
-5.115120725621696920e+02
-5.346251607182239241e+02
-5.249526879013159260e+02
-5.367160213658197563e+02
-5.431190635770291237e+02
-5.461004902654373154e+02
-5.373333551123943153e+02
-5.532901241450451835e+02
-5.170634026202681071e+02
-5.380459550681961218e+02
-5.203019173834434241e+02
-5.140297800535588522e+02
-5.502018215738050912e+02
-5.329621470719525860e+02
-5.344207154507795394e+02
-5.171750144108984841e+02
-5.374563527612976941e+02
-5.164918034641473241e+02
-5.380648095638402992e+02
-5.392869728319583373e+02
-5.073440793953200796e+02
-5.204816975871276554e+02
-5.379186294712683321e+02
-5.294275753872026371e+02
-5.334383541053530280e+02
-5.270322472544760330e+02
-5.399450601619481631e+02
-5.385716970416671074e+02
-5.325214153458421151e+02
-5.503481281961596778e+02
-5.334321091743486249e+02
-5.392192148248441299e+02
-5.402600764303144842e+02
-5.200163687975493758e+02
-5.333441447047516704e+02
-5.500925899762133895e+02
-5.377967378512544201e+02
-5.273550108777222931e+02
-5.356514365475436534e+02
-5.305848709121696629e+02
-5.276523580568551779e+02
-5.272649055283226289e+02
-5.525362504002231390e+02
-5.206361714467199135e+02
-5.135553675918373528e+02
-5.168013715837383870e+02
-5.320042209407806695e+02
-5.156672638391681858e+02
-5.078621649683734631e+02
-5.064596828022611703e+02
-5.180475327687850040e+02
-5.074518481807255625e+02
-5.241788064398122060e+02
-5.243139241815563310e+02
-5.517205797309173931e+02
-5.135834205016942633e+02
-5.029252154988178631e+02
-5.420555585398257108e+02
-5.334807794345157390e+02
-5.224470340580002130e+02
-5.394445041496563817e+02
-5.123331746916555858e+02
-5.265108105209209270e+02
-5.156137377534333837e+02
-5.410570805920242492e+02
-5.404306855445285009e+02
-5.097227041712417304e+02
-5.367945253800852470e+02
-5.303346069192776895e+02
-5.364675680990544606e+02
-5.115121289026929503e+02
-5.535077957645556808e+02
-5.399891875206847089e+02
-5.043958775695110717e+02
-5.400324600241497137e+02
-5.338366930704975175e+02
-5.486715015370292576e+02
-5.499838980244638833e+02
-5.417542791420637514e+02
-5.318078494411981865e+02
-5.558920433535720349e+02
-5.436013463646308992e+02
-5.420617517814819166e+02
-5.272861044236718726e+02
-5.129260668522256310e+02
-5.438473700066208494e+02
-5.148521822729524047e+02
-5.086417320493986836e+02
-5.520287872760059145e+02
-5.254487505929230338e+02
-5.088977810269150837e+02
-5.099191966703394314e+02
-5.069052390418391383e+02
-5.319618596810881854e+02
-5.537365760292011601e+02
-5.162590749434630197e+02
-5.358723006825539414e+02
-5.304106554755635443e+02
-5.393413421983917715e+02
-5.501980010945884487e+02
-5.262147811968022779e+02
-5.411943043707128709e+02
-5.241374105197934341e+02
-5.408355419621644842e+02
-5.434950454569693647e+02
-5.046034717867956374e+02
-5.256055659099563400e+02
-5.471360951990286594e+02
-5.453553436411597204e+02
-5.399842292075015848e+02
-5.190134842138182876e+02
-5.466024572824774168e+02
-5.503638343296560151e+02
-5.477880211070533960e+02
-5.343573764995231841e+02
-5.526598395589326174e+02
-5.059613864332388289e+02
-5.257955817800315117e+02
-5.154863848919894735e+02
-5.481713829694587048e+02
-5.178538809803675349e+02
-5.452991096215708922e+02
-5.038371169221532568e+02
-5.415722111989274481e+02
-5.389174520223821219e+02
-5.151193871010079874e+02
-5.174337568233423781e+02
-5.377028193032334684e+02
-5.148966422565498533e+02
-5.130975442143850387e+02
-5.530550035132624771e+02
-5.422379683301894602e+02
-5.330620510092273889e+02
-5.276650626249981997e+02
-5.110724960951087041e+02
-5.360153257058530016e+02
-5.455076097027376818e+02
-5.449978359712649763e+02
-5.223998783463850941e+02
-5.203859189841605257e+02
-5.420174031063097573e+02
-5.508013753313347252e+02
-5.530845725011496370e+02
-5.332991089340150666e+02
-5.447651698780673541e+02
-5.424007017365446472e+02
-5.217555223447697017e+02
-5.319455638496344818e+02
-5.384849890437880049e+02
-5.077084790872898452e+02
-5.251615088846614299e+02
-5.227776583658626350e+02
-5.103333126035093414e+02
-5.530008270202225731e+02
-5.305785829961728268e+02
-5.479295152143884025e+02
-5.305183376176852335e+02
-5.412493416973870808e+02
-5.132337034997382261e+02
-5.225126859458065383e+02
-5.157591418219911930e+02
-5.026377804378834071e+02
-5.324329031782718857e+02
-5.487208367744137831e+02
-5.419069466291351773e+02
-5.395701446594791832e+02
-5.259976543389582275e+02
-5.323760944064023306e+02
-5.412193301907892646e+02
-5.477515809669149576e+02
-5.280252764664859342e+02
-5.228174359741318540e+02
-5.235318265872838310e+02
-5.365190643666710457e+02
-5.129539016133251152e+02
-5.323237321639137463e+02
-5.160606503710232573e+02
-5.315678509357426265e+02
-5.278264434307035344e+02
-5.074889691102189886e+02
-5.238783446673735398e+02
-5.073027314764865423e+02
-5.045327212766418938e+02
-5.107903591763036388e+02
-5.445886512460210724e+02
-5.147191110019230109e+02
-5.063137388523322784e+02
-5.434022620395992362e+02
-5.293525864088809385e+02
-5.351486520288344764e+02
-5.371432662078087787e+02
-5.216353824217934516e+02
-5.261609192950701299e+02
-5.355018926495353071e+02
-5.099377495449996900e+02
-5.250461880733894304e+02
-5.293419263374667025e+02
-5.415206547111871487e+02
-5.409497179918745360e+02
-5.091163906074321517e+02
-5.121312236250362275e+02
-5.239089306519880438e+02
-5.180080353264976338e+02
-5.186010514569150018e+02
-5.238597626666075939e+02
-5.387508833556498757e+02
-4.981054971324846292e+02
-5.501566028319456336e+02
-5.103872842964353254e+02
-5.469341392322080537e+02
-5.234124358406274951e+02
-5.210094464806105634e+02
-5.177802164387045423e+02
-5.233537790763493831e+02
-5.310937530790230312e+02
-5.196620994776041016e+02
-5.163674080125400678e+02
-5.324630801419406225e+02
-5.447472118141902229e+02
-5.458144921180013398e+02
-5.218582320141293849e+02
-5.135007560894529206e+02
-5.409900614938708259e+02
-5.371122359731186862e+02
-5.205312811078546247e+02
-5.290018196112345095e+02
-5.362582317033770778e+02
-5.304974934313180484e+02
-5.350995474669133500e+02
-5.478900733966406733e+02
-5.335902470887104982e+02
-5.353823269327776870e+02
-5.346377246934978302e+02
-5.053692401233678879e+02
-5.478518483276374127e+02
-5.411603448241983187e+02
-5.369568860345391386e+02
-5.255327111610534985e+02
-5.422460714275202918e+02
-5.473570679046007399e+02
-5.465427345409817690e+02
-5.374220129712242624e+02
-5.447926182196204081e+02
-5.137759660981922707e+02
-5.363642399269973566e+02
-5.416543265853611047e+02
-5.550809020108623599e+02
-5.333197086892128027e+02
-5.359124734966148935e+02
-5.258101826754136709e+02
-5.467625901132538502e+02
-4.972085127007619576e+02
-4.997212132969944491e+02
-5.323264219204434085e+02
-5.528654558702861550e+02
-5.343454344224904844e+02
-5.460316122226066682e+02
-5.343511746418879511e+02
-5.510204498042095338e+02
-5.101529076811564778e+02
-5.398885959493114797e+02
-5.372203932752551054e+02
-5.134858517834035183e+02
-5.230433352923301982e+02
-5.370821047087068791e+02
-5.045615935545346815e+02
-5.000950399564649729e+02
-5.250494059724477438e+02
-5.403644942863576262e+02
-5.121953956852840975e+02
-5.401415544357380440e+02
-5.469859169790242959e+02
-5.276972286358555948e+02
-5.105276411787142479e+02
-5.395550621263666926e+02
-5.237953003187877812e+02
-5.322550782953858288e+02
-5.495832212506361429e+02
-5.259939354978939718e+02
-5.167164329773710278e+02
-5.372158328401845893e+02
-5.181058889961640261e+02
-5.162193199929795355e+02
-5.044414982952285413e+02
-5.414053076965676610e+02
-5.025918802926299804e+02
-5.290886572326869555e+02
-5.480459244748383298e+02
-5.474418568606665758e+02
-5.399622155280499101e+02
-5.442990301625851544e+02
-5.303321572696929707e+02
-5.278100878548247010e+02
-5.522660248477752702e+02
-5.205652651269593889e+02
-5.507462420799544134e+02
-5.453751309878871325e+02
-5.275486542089662407e+02
-5.340798069059975433e+02
-5.282498846929248657e+02
-5.226097459264915415e+02
-5.052171843095475765e+02
-5.209123732012532173e+02
-5.063259393516685805e+02
-5.042863656172035007e+02
-5.158956144709635510e+02
-5.242452786018648112e+02
-5.061752343279792967e+02
-5.523705383692365558e+02
-5.150652294987511368e+02
-5.450570837995541069e+02
-5.180785553263555130e+02
-4.968123818039546222e+02
-5.313302058477663650e+02
-5.408109260485721279e+02
-5.227960115990930490e+02
-5.107304184680915000e+02
-5.561705335278111306e+02
-5.200903253299891276e+02
-5.387106682079311213e+02
-5.293874422893509291e+02
-5.144831941455474862e+02
-5.438011261914682564e+02
-5.436020700650317394e+02
-5.230949367626022877e+02
-5.488785619611248876e+02
-5.357339605040932611e+02
-5.410145263417109618e+02
-5.429932877157009443e+02
-5.109114130643499720e+02
-5.376883983884850977e+02
-5.443343465226456601e+02
-5.354015293573761483e+02
-5.074802296991766752e+02
-5.188401530505005894e+02
-5.486920733380674164e+02
-5.340451057829208139e+02
-5.071506661714597044e+02
-5.063026231412207494e+02
-5.513315168253238880e+02
-5.417225635180810741e+02
-5.081491632920088364e+02
-5.448959159389415845e+02
-5.473984172959077341e+02
-5.442205036539266985e+02
-5.193516683280877260e+02
-5.352921596285473242e+02
-4.928414097150277939e+02
-5.440955922180091875e+02
-5.117257622923690406e+02
-5.473910570245897134e+02
-5.471631307215036486e+02
-5.516966749221379587e+02
-5.448546176199348565e+02
-5.356407037994756593e+02
-5.273416905990593477e+02
-5.296076903216966230e+02
-5.385846762557117700e+02
-5.318902162019137450e+02
-5.342241925220113217e+02
-5.119071782938355568e+02
-5.254270514548128403e+02
-5.294663587900338371e+02
-5.212627363081576277e+02
-5.130553604223512139e+02
-5.050488213201957706e+02
-5.139504853481585087e+02
-5.469895606852670653e+02
-5.366574672088127045e+02
-5.424707048750029799e+02
-5.466829667247949374e+02
-5.429839518303659816e+02
-5.530773477883408304e+02
-5.141543690012490515e+02
-5.480891655810075918e+02
-5.190777578660297422e+02
-5.030411148940652879e+02
-5.047852826437497811e+02
-5.247292916936042957e+02
-5.509325485016775019e+02
-5.365715281644809238e+02
-5.273856316693394319e+02
-5.384402403859520518e+02
-5.476187506505915508e+02
-5.397964487885458311e+02
-5.135796845733260625e+02
-5.022125152989782464e+02
-5.235034674376835255e+02
-5.010789422378407494e+02
-5.468006099324143179e+02
-5.162769930796115432e+02
-5.255104058282061033e+02
-5.508555152940848529e+02
-5.510167566588229420e+02
-5.274376868983622444e+02
-5.236445787725875789e+02
-5.452948314781682484e+02
-5.161737938547935300e+02
-5.153320783344148595e+02
-5.152274414532826086e+02
-5.067352621693680703e+02
-5.467044120910524043e+02
-5.506445002235956281e+02
-5.424027864212862369e+02
-5.212185415219954621e+02
-5.038458237697939239e+02
-5.186795144441307457e+02
-5.340330892351913690e+02
-5.457568969510728039e+02
-5.210187835051256116e+02
-5.433060155989048781e+02
-5.313600161117624339e+02
-5.063486264713408787e+02
-5.149965148283799863e+02
-5.417476020999341699e+02
-5.529898436230232619e+02
-5.177301226654843731e+02
-5.435327892513428196e+02
-5.428448768961699216e+02
-5.069353568049980368e+02
-5.300596727393009360e+02
-5.446439737794178200e+02
-5.148188766982864308e+02
-5.154303935309795861e+02
-5.182950364537699670e+02
-5.328093683976144348e+02
-5.325086726768612380e+02
-5.278824067146852030e+02
-5.467684502137732352e+02
-5.357345702733246071e+02
-5.315405042738472048e+02
-5.248924006280702770e+02
-5.382369225421568899e+02
-5.297380119851143263e+02
-5.136030554275703253e+02
-5.217877165177220604e+02
-5.199515099337651236e+02
-5.493136713771672248e+02
-5.071055247921621572e+02
-5.213885806507677216e+02
-5.489091010847138250e+02
-5.110522378343183618e+02
-5.247784626912035719e+02
-5.337921939486071778e+02
-5.246691661503348314e+02
-5.184361196698830554e+02
-4.975829364359508986e+02
-5.464171719951722253e+02
-5.172757849341194287e+02
-5.214900014566459276e+02
-5.142640860834731029e+02
-5.272124551246370174e+02
-5.426208189129313268e+02
-5.090160686191409809e+02
-5.269767774324994889e+02
-5.535832237405766136e+02
-5.432073508854731472e+02
-5.430868926542729014e+02
-5.434614652210094619e+02
-5.347085062214732716e+02
-5.380932744380996837e+02
-5.369617674706238404e+02
-5.280159233340908713e+02
-5.467375824864469678e+02
-5.393889354279166355e+02
-5.096907641074444655e+02
-5.413932637988755232e+02
-5.415012580278818177e+02
-5.065204025691067500e+02
-5.046228968464217814e+02
-5.264122580085643222e+02
-5.433644402245341780e+02
-5.258859882780236603e+02
-5.323631594637192848e+02
-4.980922735518333297e+02
-5.417689605040274046e+02
-4.943239271883122683e+02
-5.132351052012807031e+02
-5.183815105516363246e+02
-5.467875558675813181e+02
-5.532605244990440951e+02
-5.539946570745364625e+02
-5.102012890762734969e+02
-5.008920869121690203e+02
-5.204785168525294239e+02
-5.414519553558038751e+02
-5.371101377025966030e+02
-5.327742232493933443e+02
-5.207058360790183542e+02
-5.269400409877973743e+02
-5.265969600856856232e+02
-5.471641742641913879e+02
-5.181579431281124926e+02
-5.226263500889791658e+02
-5.283539945580665744e+02
-5.486651025588015500e+02
-5.500533654670246051e+02
-5.330038337028757951e+02
-5.444776193215845979e+02
-5.403966669298788474e+02
-5.402615156415578213e+02
-5.451141060304439634e+02
-5.140167263273274330e+02
-5.115931389043561808e+02
-5.287623718894002423e+02
-5.418147627848777574e+02
-5.106554119829839351e+02
-5.299128722844938011e+02
-5.380931428401728454e+02
-5.338298091085571286e+02
-5.339316123615864171e+02
-5.114687822425343029e+02
-5.396350255584135311e+02
-5.366281432575860890e+02
-5.287406538719271794e+02
-5.149934742392280214e+02
-5.299109370946163153e+02
-5.412636864081169961e+02
-5.382835403547627493e+02
-5.383319342736292583e+02
-5.543088488072745577e+02
-5.389856704608778273e+02
-5.164912188002858784e+02
-5.365137353174255850e+02
-5.210061414171315164e+02
-5.296309300466743935e+02
-5.312108951561597223e+02
-5.403267024880176450e+02
-5.450111833105700043e+02
-5.335194535104012630e+02
-5.260278669043844957e+02
-5.497540400955025461e+02
-5.024089190499085475e+02
-5.100262551887341829e+02
-5.309356518635937618e+02
-5.275131003685444284e+02
-5.311098600493531876e+02
-5.102320820795328018e+02
-5.277403199065740864e+02
-5.354020921023501387e+02
-5.212706515390744926e+02
-5.252895291785745258e+02
-5.022129842967437980e+02
-4.946840413208275891e+02
-5.064960707194071006e+02
-5.402977435701728837e+02
-5.487468997542620173e+02
-5.439250852364842785e+02
-5.492044670219413547e+02
-5.106569090055691618e+02
-5.333886590153421139e+02
-5.411027074207064516e+02
-5.268979541877354222e+02
-5.344135112025899161e+02
-5.433504657834070031e+02
-5.404501534971667525e+02
-5.267328543319196115e+02
-4.964135731658725490e+02
-5.107221840600618634e+02
-5.243330835782253416e+02
-5.059862954541938507e+02
-5.153647148482762077e+02
-5.122225659840154322e+02
-5.452424530918183336e+02
-5.404882208556028900e+02
-5.193484355363465284e+02
-5.418021267521986601e+02
-5.295924654515154089e+02
-5.005815351765761534e+02
-5.231653482270111226e+02
-5.431914820787428653e+02
-5.322382985137880951e+02
-5.327575472155609759e+02
-5.344913888843298082e+02
-5.266512822848093265e+02
-5.091842065076775725e+02
-5.208420028520288270e+02
-5.310289608091728724e+02
-5.473755693815445511e+02
-5.180235783214841376e+02
-5.136381226470269894e+02
-5.217862412705304678e+02
-5.195528583200792809e+02
-5.125172243610281839e+02
-5.416595117387611253e+02
-5.148085422803428628e+02
-5.526711542069554071e+02
-5.125461429027241138e+02
-5.260751400441042733e+02
-5.487735622293316737e+02
-5.215599715205258917e+02
-5.008354865339039748e+02
-5.341920881345818088e+02
-5.321119548347274986e+02
-5.178331137009989789e+02
-5.336541699076717578e+02
-5.434586682232139765e+02
-5.384492138608388814e+02
-5.351721670233741861e+02
-5.405413158242091640e+02
-5.023652090061049194e+02
-5.152227918002320166e+02
-5.453983538089764807e+02
-5.296140883844884684e+02
-5.365863331469997775e+02
-5.408684273609239881e+02
-5.438996178508473349e+02
-5.182401042396091952e+02
-5.524798362471810833e+02
-5.443330641712490205e+02
-5.557957450451317527e+02
-5.272421855784722311e+02
-5.316432152292187538e+02
-5.474893715921178909e+02
-5.501672494260644726e+02
-5.301496799752042079e+02
-5.239328145165799242e+02
-5.498631815320936767e+02
-5.241944405868231343e+02
-5.067284071359373456e+02
-5.083559794658135615e+02
-4.947021376491981073e+02
-5.551728277271886327e+02
-5.288992732867870927e+02
-5.245692518476217856e+02
-5.330715507842212446e+02
-5.207564139581709242e+02
-5.394581219237929872e+02
-5.261446336687300800e+02
-5.470442516568540441e+02
-5.282831034138466748e+02
-5.196841713259360631e+02
-5.010140110582532884e+02
-5.189957393115405466e+02
-5.173424710084246954e+02
-5.199428122560226484e+02
-5.284105519284653383e+02
-5.441099413082874889e+02
-5.365709455770447676e+02
-5.301574762527910707e+02
-5.505958198983440752e+02
-5.294645910509598252e+02
-5.401147250600436109e+02
-5.448913353990415089e+02
-5.270279662991292753e+02
-5.376913621019182301e+02
-5.468686657473926971e+02
-5.324625831770218838e+02
-5.431665764978432662e+02
-5.213200018778703679e+02
-5.408542776841030673e+02
-5.264331295179423478e+02
-5.511585181963616833e+02
-5.395145713892300137e+02
-5.434693916201910042e+02
-5.148220829711939359e+02
-5.455931078346770846e+02
-5.332356724528469840e+02
-5.453989337571330225e+02
-5.203269883933256779e+02
-5.437354138766312417e+02
-5.394817656970063808e+02
-5.286882997606344361e+02
-5.063562692584624187e+02
-5.399974149723952905e+02
-5.246015167933366001e+02
-5.381740281933221013e+02
-5.360497690969230007e+02
-5.441926988505655345e+02
-5.306830698781355977e+02
-5.336609894779169281e+02
-5.158635244100551063e+02
-5.269831271482355532e+02
-5.399156365881918873e+02
-5.466958631056751301e+02
-5.394749987359932675e+02
-5.250274872862019038e+02
-5.441366781367909198e+02
-5.377742262739834587e+02
-5.494479930526999851e+02
-5.151509548703364771e+02
-5.054556153193917680e+02
-5.214954215745218562e+02
-5.186349543657837557e+02
-5.337170558665663975e+02
-5.532703128227378784e+02
-5.350661106966756506e+02
-5.166586043384635332e+02
-5.453776097542273646e+02
-5.121104393947703102e+02
-5.479756955802048424e+02
-5.385394702400693632e+02
-5.064099442707789649e+02
-5.140092643749453600e+02
-5.256821247541843150e+02
-5.047750883149830088e+02
-5.434418468317135194e+02
-5.461984085171565084e+02
-5.177111992909117362e+02
-5.326842650027791706e+02
-5.080990777236674489e+02
-5.366287657011667989e+02
-5.444866540410890821e+02
-5.065330629981993411e+02
-5.473450439764150133e+02
-5.287829258272322477e+02
-5.110940109874746895e+02
-5.208668974299879437e+02
-5.338675412919221799e+02
-5.244732244154795353e+02
-4.991316267212621938e+02
-5.429097682564602110e+02
-5.420812974609887078e+02
-5.551714004779950073e+02
-5.351532045421574821e+02
-5.067133460995934797e+02
-5.314378036003014358e+02
-5.495701269198124237e+02
-5.497131381204001173e+02
-4.998657343685117098e+02
-5.312693002461828655e+02
-5.368621050395281600e+02
-5.085887256337658187e+02
-5.498419411165681367e+02
-5.399301556993294753e+02
-5.099812035923976055e+02
-5.461133007242596022e+02
-5.084868650098920853e+02
-5.417777732545039271e+02
-5.397583513922138536e+02
-5.281147674772441860e+02
-5.269862502327023321e+02
-5.462682638952389880e+02
-5.130755747353274501e+02
-5.260546376940014852e+02
-5.173822250659770816e+02
-5.489897563031582877e+02
-5.480393373488197994e+02
-5.229222622069196404e+02
-5.300167410398489665e+02
-5.321991842249365163e+02
-5.254948501859245198e+02
-5.326355617982973172e+02
-5.219126002333698580e+02
-5.146742941829486426e+02
-5.425442591924968383e+02
-5.058001837996705490e+02
-5.115348909575583889e+02
-5.269856523814074762e+02
-5.521200979427816264e+02
-5.304025749012007509e+02
-5.308671983724357233e+02
-5.448351599265095047e+02
-5.441701636981169941e+02
-5.377177542727291666e+02
-5.226301056755506806e+02
-5.383678307765372892e+02
-5.007479371702333424e+02
-5.489744200863917740e+02
-5.145032716665642738e+02
-5.311086160715803999e+02
-5.187565674347456479e+02
-5.103829929859466006e+02
-5.193605023848238034e+02
-5.208208678645619329e+02
-5.546536544327838101e+02
-5.340578160661073071e+02
-5.428981074670100497e+02
-5.320163371735811779e+02
-5.412783681920382151e+02
-5.204827555863823818e+02
-5.284833558087027541e+02
-5.267791123143510958e+02
-5.381472416372558882e+02
-5.123579325479265663e+02
-5.428318819566416096e+02
-5.456208966830392910e+02
-5.207862351291998948e+02
-5.307355021652239202e+02
-5.343375493033476005e+02
-5.158900206124706074e+02
-5.401504445853502148e+02
-5.162678630574253020e+02
-5.055824307595602818e+02
-5.565267894321657423e+02
-5.235064735693505327e+02
-5.477965116949644653e+02
-5.120785365180869348e+02
-5.300899695273390080e+02
-5.283101765154519853e+02
-5.487940181222857063e+02
-5.283128147898307816e+02
-5.172521527104687493e+02
-5.309307536207312523e+02
-5.361815773513749264e+02
-5.440460108136753661e+02
-5.045129413130866283e+02
-5.450817438671982700e+02
-5.347953061861509241e+02
-5.486445203537547286e+02
-5.324109542033144180e+02
-5.264341188504266711e+02
-5.182882677866061840e+02
-5.419476926863485460e+02
-5.191706330659561672e+02
-5.552485778962013683e+02
-5.014973883818058766e+02
-5.298999434296782738e+02
-5.412681121433654425e+02
-5.122660831936130990e+02
-5.312200065597559160e+02
-5.183286599805769583e+02
-5.244325071101151252e+02
-5.411945733351228682e+02
-5.468428509812972607e+02
-5.490084785277748551e+02
-5.432963465417004727e+02
-5.151186914972447539e+02
-5.119669147091346417e+02
-5.274012676876528758e+02
-5.499814456501088671e+02
-5.081152775839310607e+02
-5.111632880050060521e+02
-5.300190208334705630e+02
-5.363367680177559578e+02
-5.465204993044867479e+02
-5.284301948488556491e+02
-5.214172895284323204e+02
-5.071815850102461809e+02
-5.268423155300836243e+02
-5.066931839953201120e+02
-5.406720405519839687e+02
-5.430494772724035784e+02
-5.463254591027526885e+02
-5.263436975620265912e+02
-5.381205994476383694e+02
-5.146366045046373756e+02
-5.248859238537801275e+02
-5.498687949479314057e+02
-5.172741955943245102e+02
-5.396002346889753198e+02
-5.511110126043674882e+02
-5.385210337031157906e+02
-5.562759431066256184e+02
-5.475799748165180745e+02
-5.175757921329968667e+02
-5.033477281001850088e+02
-5.231806481917648171e+02
-5.428727948166219903e+02
-5.293565297520050308e+02
-5.317870572894769339e+02
-5.272148895100258414e+02
-5.399399708720729905e+02
-5.542404410192696105e+02
-5.312614858557054731e+02
-5.358220623977866808e+02
-5.344682107946870246e+02
-5.424052563308554227e+02
-5.399267083351771817e+02
-5.198462024946417159e+02
-5.459281825984799070e+02
-5.178283641424839061e+02
-5.467320207380920465e+02
-5.023986772030365273e+02
-5.201380039767615244e+02
-5.432280533438378143e+02
-5.391543860920223779e+02
-5.388232282759404370e+02
-5.483906465354917827e+02
-5.182253345316478317e+02
-5.302942393917306845e+02
-5.365893411198477452e+02
-5.481448909272789933e+02
-5.461843038937463461e+02
-5.502498598486727133e+02
-5.362282403994165634e+02
-5.384868453716238719e+02
-5.280263248346009277e+02
-5.397912101581620163e+02
-5.473424553039471903e+02
-5.062696838987578190e+02
-5.322739920594876821e+02
-5.143302976280317580e+02
-5.525179993359290620e+02
-5.121146496925102838e+02
-5.150680318140086911e+02
-5.365835112860722802e+02
-5.399134109266664154e+02
-5.015070930403413740e+02
-5.378084368405915257e+02
-5.234731411326358739e+02
-5.292863786510437194e+02
-5.255338156545475385e+02
-5.477461844719310875e+02
-5.196035077436185929e+02
-5.426859662445996264e+02
-5.482071106120971535e+02
-5.443489729977629850e+02
-5.521680386050594507e+02
-5.479356083023292285e+02
-5.549578594108636480e+02
-5.130078748012646201e+02
-5.091539571114109890e+02
-5.494546922195418119e+02
-5.298999949696477643e+02
-4.928345977868220871e+02
-5.445131339433543189e+02
-5.282110737870067396e+02
-5.206918074239545149e+02
-5.404425434422150829e+02
-5.261836667709826543e+02
-5.269158467733562929e+02
-5.299357803161176435e+02
-5.187559759498659560e+02
-5.461340526554278085e+02
-5.097049330520770241e+02
-5.381383200871192685e+02
-5.143444929834023469e+02
-5.398739018105873129e+02
-5.380512553455307625e+02
-5.484819210711876849e+02
-5.508625579166889565e+02
-5.228658663955030761e+02
-5.077020490706166811e+02
-5.483204992143141681e+02
-5.069258207865603367e+02
-5.341761086107227356e+02
-5.261636182128006567e+02
-5.217638626384028839e+02
-5.267281924609885664e+02
-5.283920834007453777e+02
-5.061986344226494907e+02
-5.417417814588965257e+02
-5.256329364326998075e+02
-5.538517137410361784e+02
-5.064403367700847980e+02
-5.347303290177278541e+02
-5.112728683592600873e+02
-5.410746343700069474e+02
-5.372404967632772923e+02
-5.385183976704125826e+02
-5.393171115200178747e+02
-5.286059335704301247e+02
-5.184823342379291944e+02
-5.377673845534400243e+02
-5.432721434167299321e+02
-5.430463819982614950e+02
-5.059557628328240639e+02
-5.466819385969530458e+02
-5.514486431630441530e+02
-5.188596101001975285e+02
-5.150258915761286289e+02
-5.180440812872221841e+02
-5.272948855315328274e+02
-5.421668656809944196e+02
-5.119101982179972765e+02
-5.182084935996650756e+02
-5.064705575264596860e+02
-5.435077909289220770e+02
-5.359785103294982491e+02
-5.172677999131245770e+02
-5.155280945277816045e+02
-5.109885455986292300e+02
-5.359726356421314222e+02
-5.169864262220206683e+02
-5.294997932180189082e+02
-5.393485794188404725e+02
-4.921784389240613109e+02
-5.380153516167717953e+02
-5.310716361922624174e+02
-5.502589752791035380e+02
-5.320842506684592763e+02
-5.471280966991819241e+02
-5.164277963324519760e+02
-5.450700406865755667e+02
-5.225303504967837398e+02
-5.371749205624586239e+02
-5.090268502062125435e+02
-5.061816761006435854e+02
-5.558092271370384196e+02
-5.434376414494590790e+02
-5.176819653483032653e+02
-5.235393471492942581e+02
-5.499272043992505132e+02
-5.461647477733279175e+02
-5.517587529398726929e+02
-5.470739683445743822e+02
-5.028123085270945012e+02
-5.495650466503203688e+02
-5.273085978037923951e+02
-5.475695173330836951e+02
-5.447578106517131573e+02
-5.379765594549692196e+02
-5.245299314815971456e+02
-5.228074455716438251e+02
-5.359206459428030485e+02
-5.261257645801169929e+02
-5.180331498481961034e+02
-5.125484328472333573e+02
-5.312222646703418150e+02
-5.455604395682811401e+02
-5.193872461149040873e+02
-5.150469928268400963e+02
-5.452394303121386656e+02
-5.200878707142244366e+02
-5.218948073111132544e+02
-5.017959406346613491e+02
-5.408484874187101923e+02
-5.418190611614461432e+02
-5.109909744247338494e+02
-5.292227931642346448e+02
-5.213885895210877379e+02
-5.316929657876664805e+02
-5.184703254848834604e+02
-5.328628751014624640e+02
-5.519402806154554355e+02
-5.419644436932626377e+02
-5.244230653566806950e+02
-5.488898827529083064e+02
-5.474073432569674651e+02
-5.347401704708155421e+02
-5.271063137009521142e+02
-5.408617381207922108e+02
-5.097938548799882028e+02
-5.412765700786453635e+02
-5.489418094736214471e+02
-5.490964972244173623e+02
-5.044825604700683357e+02
-5.002437513289797266e+02
-4.928187225354448628e+02
-4.970831631870413503e+02
-5.331055542400288232e+02
-5.331640114118298470e+02
-5.298793754233732898e+02
-5.341146178493745538e+02
-5.124443244752925466e+02
-5.484074736067213962e+02
-5.276924921958799359e+02
-5.436277543828024363e+02
-5.316539019778972488e+02
-5.323660616055680066e+02
-5.330665753881559112e+02
-5.109770862075459945e+02
-5.156666701817405283e+02
-5.151520807654802638e+02
-5.265152619375639915e+02
-5.326825520690684925e+02
-5.383409668330511977e+02
-5.445821272588751754e+02
-5.242149986882965322e+02
-5.068890164539085390e+02
-5.260817791650370054e+02
-4.987940303168627452e+02
-5.081550248171948851e+02
-5.431671661479247177e+02
-5.191352928682349557e+02
-5.545577277878712721e+02
-5.230024095303004970e+02
-5.104002491076798265e+02
-5.280080371636961445e+02
-5.265954275092557282e+02
-5.188839233193829159e+02
-5.209153005837947603e+02
-5.486402504185526823e+02
-5.152531519185642992e+02
-5.450976891981968038e+02
-5.191188744130686246e+02
-5.204034303439209452e+02
-5.190782049580124067e+02
-5.134385904942414527e+02
-5.216177161415181445e+02
-5.338249939648288773e+02
-5.154786948922539978e+02
-5.366716534622258905e+02
-5.476388944771124443e+02
-5.508214876021763757e+02
-5.208744063847626649e+02
-5.355221705658509563e+02
-5.066015018215960026e+02
-5.392689139052903329e+02
-5.411456955715988215e+02
-5.309157355231074007e+02
-5.312891167706162605e+02
-5.219037166652394717e+02
-5.398665141537744603e+02
-5.425472993942719313e+02
-5.272200207299841850e+02
-5.380021037144178990e+02
-5.396151296569121314e+02
-5.153889711686908868e+02
-5.462732117290473752e+02
-5.528320317747231911e+02
-5.321269373166996957e+02
-5.233051118006228535e+02
-5.163668780323563396e+02
-5.294482748194335500e+02
-5.106186108386247611e+02
-5.466576253203400029e+02
-5.297310297732718709e+02
-5.048653921434649874e+02
-5.434596970200512942e+02
-5.362062410980452114e+02
-5.183929654329435834e+02
-5.331182770599031073e+02
-5.385676893839784043e+02
-5.352320529312470399e+02
-5.386509496978068228e+02
-5.432307582228204410e+02
-5.209795264043322049e+02
-5.469404894822043843e+02
-5.147249755724911893e+02
-5.504533920201071169e+02
-5.355851463989592958e+02
-5.435812930680190220e+02
-5.191077408923798657e+02
-5.252982651285658449e+02
-5.007012533319714294e+02
-5.402519615917717601e+02
-5.187351097542696152e+02
-5.313931183601685007e+02
-5.224729164715939760e+02
-5.338477160398903152e+02
-5.238847564864942115e+02
-5.526293304051621362e+02
-5.530069587094072858e+02
-5.276006704106259804e+02
-5.452285078837312540e+02
-5.339367806950641580e+02
-5.229443600791058770e+02
-5.458503942424363231e+02
-5.447918481306561489e+02
-5.340966324672907604e+02
-5.430004675995978687e+02
-5.038866415611288403e+02
-5.178370266778351834e+02
-5.295484971852936269e+02
-5.210039863839253940e+02
-5.082446471811741162e+02
-5.519344746366075469e+02
-5.395216318514517297e+02
-5.461093751869108246e+02
-5.062010124324601179e+02
-5.055911542816886595e+02
-5.440646388349682638e+02
-5.355589177859068286e+02
-5.462283130147270640e+02
-5.225827628214163951e+02
-5.362054525324383576e+02
-5.378889278141571140e+02
-5.512380955677774637e+02
-5.309947757299604518e+02
-5.160244650890570028e+02
-5.120205092498620161e+02
-5.357626383300155339e+02
-5.083836607263484098e+02
-5.269388473566112907e+02
-5.280868001465555608e+02
-5.493654165449347602e+02
-5.158858220303359303e+02
-5.328998450949926564e+02
-5.285056826274519608e+02
-5.403663917278993267e+02
-5.141514393858126368e+02
-5.370091593689297724e+02
-5.289775175263168876e+02
-5.272936106172988957e+02
-5.448933260538952936e+02
-5.302635488251511333e+02
-5.402428523550605632e+02
-5.303803817581626845e+02
-5.263842328739364120e+02
-5.497862196281653269e+02
-5.228612252585348870e+02
-5.456391635270489360e+02
-5.436815120181953489e+02
-5.438887299163422995e+02
-5.391846244080209090e+02
-5.107891680168253856e+02
-5.458218811605613610e+02
-5.352914141249809745e+02
-5.048389581159653403e+02
-5.404575464857085763e+02
-5.303219288229105359e+02
-5.199567946154351148e+02
-4.917559825857375699e+02
-5.482534862591757019e+02
-5.468922292433952634e+02
-5.431094194021192152e+02
-5.386217009516775533e+02
-5.215422105515696103e+02
-5.480546155618706052e+02
-5.105811699263105652e+02
-5.192271558109009675e+02
-5.531666771911528713e+02
-5.493138711784370116e+02
-5.510222400224549801e+02
-5.257662387360893490e+02
-5.275900414915555530e+02
-5.395237319168354588e+02
-5.368646150908945174e+02
-5.049045677837640937e+02
-5.288293914529309632e+02
-5.358829781296825558e+02
-5.015995105997723726e+02
-5.361035455632736557e+02
-5.311910563039466524e+02
-5.043810253578234324e+02
-5.542229560725622832e+02
-5.148595722177419702e+02
-5.439554721415544236e+02
-5.200524538723317391e+02
-5.164267821804323830e+02
-5.521504228897405255e+02
-5.445210936339034333e+02
-5.388031768162462640e+02
-5.497718432591724422e+02
-5.566403238546915873e+02
-5.392054500404289001e+02
-5.439732041347100449e+02
-5.494094024002745300e+02
-5.309943086415690914e+02
-5.316931640877022573e+02
-5.416427963826730547e+02
-5.407712140419798743e+02
-5.558545801927026559e+02
-5.352033683968378455e+02
-5.228696810258174992e+02
-5.093490410988541157e+02
-5.272255248228598248e+02
-5.535103275205768796e+02
-5.356669375466901784e+02
-5.378414150293560851e+02
-5.286473237378199883e+02
-5.027139397796253206e+02
-5.255185371413033408e+02
-5.068119352893935456e+02
-5.051182826934720538e+02
-5.289884355791829194e+02
-5.133748983338276730e+02
-5.087844948930515443e+02
-5.455468486009746130e+02
-5.151614385221115526e+02
-5.138935483099787689e+02
-5.008828604739473462e+02
-5.179804067224926030e+02
-5.185710266781512701e+02
-5.298966871858942795e+02
-5.275515511945084199e+02
-5.451519480566265656e+02
-5.004088154692848320e+02
-5.421298882964746326e+02
-5.428049762527599569e+02
-5.251278555605275642e+02
-4.923178874796474247e+02
-5.103707970954665143e+02
-5.041757475807104356e+02
-5.121235621689165782e+02
-5.328009229655539229e+02
-5.392972484039062238e+02
-5.480894635294374666e+02
-5.326025440477233133e+02
-5.381235959164059750e+02
-5.551477425998918989e+02
-5.231549969243507121e+02
-5.064142452983755334e+02
-5.237953863188450896e+02
-5.117200081224290784e+02
-5.157111133272543384e+02
-5.391694968231249732e+02
-5.423550726803116504e+02
-5.145396475490160810e+02
-5.434852154065762306e+02
-5.483947342182535749e+02
-5.531214414788256590e+02
-5.317165526200238901e+02
-5.391647695549257833e+02
-5.447414032037654579e+02
-5.110007088050547850e+02
-5.065474354936749251e+02
-5.334622266901374132e+02
-5.326712394788096390e+02
-4.954096141136350866e+02
-5.035527281513497542e+02
-5.256660235835064441e+02
-5.003211872262710926e+02
-5.150133707371207947e+02
-5.258183514630717355e+02
-5.287691907039603620e+02
-5.430034915071906880e+02
-5.343496305955468415e+02
-5.396289769378212213e+02
-5.078575133312012895e+02
-5.106809939946680288e+02
-5.401030915698516992e+02
-5.432755901465249053e+02
-5.319861954971145224e+02
-5.196457403300235001e+02
-5.210783817894913454e+02
-5.465709822284763959e+02
-5.159524760228599689e+02
-5.147199278656469232e+02
-5.441032602674760028e+02
-5.450247340990090379e+02
-5.388494304301316333e+02
-5.413638077525941981e+02
-5.266129830563660335e+02
-5.431188684793703487e+02
-5.242756098089190573e+02
-5.115465941120497178e+02
-5.098676238590983303e+02
-5.492659502650864169e+02
-5.444404464508614865e+02
-5.410484515188827572e+02
-5.493718790756707904e+02
-5.373313377675621041e+02
-4.959317313096623252e+02
-5.334346643187749351e+02
-5.232920865319989616e+02
-5.324790671500019243e+02
-5.059069172963327219e+02
-5.434005202275700412e+02
-5.304424039278505916e+02
-5.420301030981775057e+02
-5.080866527754958497e+02
-5.467315283263799301e+02
-5.111421884316588944e+02
-5.467905085285876794e+02
-5.202600256283119506e+02
-5.297958092068670339e+02
-5.451303540665161336e+02
-5.115260091570630152e+02
-5.198532727354573808e+02
-5.495550397790857460e+02
-5.419272883779881340e+02
-5.383163906981442324e+02
-5.261471801239835031e+02
-5.149741944698509997e+02
-5.317135283576126312e+02
-5.519802545428856320e+02
-5.390340289148201691e+02
-5.344052302534422552e+02
-5.381410620803081883e+02
-5.336634876861847943e+02
-5.302996022780897647e+02
-5.435079382728941937e+02
-5.060734293292032930e+02
-5.409438248252345147e+02
-5.495876996453132506e+02
-5.308484650955072084e+02
-5.254783456908252219e+02
-5.265300990033819062e+02
-5.390267103880953528e+02
-5.382008068212143144e+02
-5.441532040782652757e+02
-5.466648958648664802e+02
-5.202304472969199196e+02
-5.021311024404423620e+02
-5.175196944389199416e+02
-5.245787815671885710e+02
-5.282763496479768719e+02
-5.115248149018188428e+02
-5.099944666727067215e+02
-5.474986261931528588e+02
-5.446303471743807449e+02
-5.400514150661571193e+02
-5.024405908363934259e+02
-5.281420861016086974e+02
-5.005161321263975651e+02
-5.226260612514097375e+02
-5.349970853787253873e+02
-5.059094678106545189e+02
-5.423567934289181949e+02
-5.057974557921409655e+02
-5.474176878488779039e+02
-5.071767472274444231e+02
-5.460461811170589499e+02
-5.441931220262903253e+02
-5.471110252127258491e+02
-5.380670427931745508e+02
-5.114530428110772391e+02
-5.362271987954301267e+02
-5.035331799964672541e+02
-5.487812081696328050e+02
-5.222186389808970262e+02
-4.956597687052287142e+02
-5.147182334183419243e+02
-5.191524397669165864e+02
-5.108935598130798894e+02
-5.363464215969383986e+02
-5.481401164171578557e+02
-5.116445614155046542e+02
-5.238595146397860844e+02
-5.430090793732280190e+02
-5.028372106748183228e+02
-5.577860337553570389e+02
-5.059408045928453816e+02
-5.310275900435854055e+02
-5.388652092170752894e+02
-5.085564525615592970e+02
-5.409102367474409903e+02
-5.399725837981718541e+02
-5.365805244816891673e+02
-5.343050830418844726e+02
-5.265972549972884735e+02
-5.220155024917327182e+02
-4.989569423516265374e+02
-5.163451066641233638e+02
-5.059294389720316758e+02
-5.274543361058507571e+02
-5.548285135267572059e+02
-5.026281695271006242e+02
-5.309279873703417252e+02
-5.440097977384334627e+02
-5.222522932667457098e+02
-5.441287546804821886e+02
-5.157665678522915869e+02
-5.013877354970313149e+02
-5.287883006319306105e+02
-5.141574417484097239e+02
-5.494315984264605959e+02
-5.449958245269482404e+02
-5.086966208353233583e+02
-5.512017912232440722e+02
-5.421285383293879931e+02
-5.176000845271805701e+02
-5.059749714250776265e+02
-5.471284517857666287e+02
-5.456388734470640429e+02
-5.370885259765050250e+02
-5.251567975234665937e+02
-5.391293738500223753e+02
-5.430848620370521758e+02
-5.491058529688081080e+02
-5.257380076624781395e+02
-5.459616469431057340e+02
-5.244175884066816025e+02
-5.429969302509269937e+02
-5.253058112368722732e+02
-5.417485141607992318e+02
-5.156371568143753166e+02
-5.499668730063378916e+02
-5.372417493068834347e+02
-5.361080588493180130e+02
-5.108019664509970426e+02
-5.345621413948607596e+02
-5.218543298634289158e+02
-5.255068151421605762e+02
-5.137061619891946975e+02
-5.430798897250401751e+02
-5.209086556011222910e+02
-5.214704268355617387e+02
-5.264916367050790313e+02
-5.460743319200098540e+02
-5.542192493955551527e+02
-5.366630145986281377e+02
-5.524618014363783232e+02
-5.076809392815636670e+02
-5.519497492312976874e+02
-5.536108002875064358e+02
-5.093387669304315182e+02
-5.136491889091369103e+02
-5.326189333101784769e+02
-5.293311168084167093e+02
-5.375591457563385802e+02
-5.402157755045180920e+02
-5.448892015918709149e+02
-5.336991013456829478e+02
-5.436157533048121877e+02
-5.467038091880056072e+02
-5.313719412180485051e+02
-5.381058603771749631e+02
-5.319453913050305118e+02
-5.124761756965447148e+02
-5.351961495903181003e+02
-5.216376872529305047e+02
-5.435619073428929369e+02
-5.251757895557557276e+02
-5.439467373041809424e+02
-5.452953318237331359e+02
-5.275836941928446322e+02
-5.496264073375990620e+02
-5.406918599758613482e+02
-4.993677217789548877e+02
-5.457732029656829127e+02
-5.387088992296190781e+02
-5.473885454962661470e+02
-5.432188817109749834e+02
-5.291209319789652454e+02
-5.282986115906494433e+02
-5.171068761870824346e+02
-5.075992374712548667e+02
-5.317110076796615203e+02
-5.314909741028986900e+02
-5.155811704560109092e+02
-5.049059239910431529e+02
-5.295581261532045119e+02
-5.314687522817418994e+02
-5.437897433653538428e+02
-5.425278699109123863e+02
-5.444170756462365262e+02
-5.084709353381906567e+02
-5.474242761683959770e+02
-5.376684975935102102e+02
-5.352274552335463795e+02
-5.477655290764632809e+02
-5.470537807685756206e+02
-5.391094316747885387e+02
-5.047707659311714110e+02
-5.455913678605087398e+02
-5.297274202996972008e+02
-5.185699688224934789e+02
-5.266043529750837706e+02
-5.335481904035407297e+02
-5.272568431612264703e+02
-5.107079435186431056e+02
-5.382662639470867134e+02
-5.336593278565887886e+02
-5.301216149040981236e+02
-5.254269236200759678e+02
-5.228808722179115875e+02
-5.147708707587230492e+02
-5.398671516611082097e+02
-5.375010060020809988e+02
-5.383727758317075995e+02
-5.466664011121966951e+02
-5.016466040425079882e+02
-5.103823092074439955e+02
-5.199759990583776244e+02
-5.299838279323261077e+02
-5.384064413256058970e+02
-5.261863075979593987e+02
-5.307266140874783105e+02
-5.363810440875948871e+02
-5.227708675940839385e+02
-5.029404638718219758e+02
-5.031578086324637979e+02
-5.206758169293884748e+02
-5.199869158585132709e+02
-5.404292851975683334e+02
-5.440374611445042774e+02
-5.024274110856678703e+02
-5.226439806099798489e+02
-5.239996960992706363e+02
-5.237511138251771854e+02
-5.469002370081092295e+02
-5.393882776579765732e+02
-5.145464205360457299e+02
-5.093891574571636625e+02
-5.414148555735511081e+02
-5.202692966844498415e+02
-5.327052079208626765e+02
-5.455068444053130179e+02
-5.210352972776723846e+02
-5.437574580562555866e+02
-5.428961934140768335e+02
-5.428220061296605081e+02
-5.208809838477671974e+02
-5.300908845332776309e+02
-5.420973950732517324e+02
-5.449593610743449972e+02
-4.996899862684099958e+02
-5.075907420901992282e+02
-4.972953924488883217e+02
-5.021416509300165103e+02
-5.012691389758629157e+02
-5.051697630516960658e+02
-5.319077469947113741e+02
-5.170476522255092959e+02
-5.235906825606712118e+02
-5.348819167674455457e+02
-5.415710233338397757e+02
-5.075735214066348249e+02
-5.441891294258605285e+02
-4.990323340211779168e+02
-5.463256943347220158e+02
-5.469753854302491618e+02
-5.100734797451792701e+02
-5.478863523845212740e+02
-5.250514176688122916e+02
-5.286461164266381729e+02
-5.489589771677353838e+02
-5.191612469959613918e+02
-5.137538992161764781e+02
-5.064056145521942653e+02
-5.404829688282625284e+02
-5.046155452855473413e+02
-5.326232228811435334e+02
-5.465364726281767389e+02
-5.194018543332379068e+02
-5.409003372060334414e+02
-5.140903435883566317e+02
-5.267585504646744994e+02
-5.161581408731760803e+02
-5.346460984299319534e+02
-5.265175818126255081e+02
-5.024965838432563032e+02
-5.432657168382934287e+02
-5.421425437552139783e+02
-5.376610112723359407e+02
-5.475325163657454368e+02
-5.341438240561678867e+02
-5.219075673419014265e+02
-5.048878544010295286e+02
-5.408161047826854428e+02
-5.101089098182396242e+02
-5.333809825397391933e+02
-5.211117934340680904e+02
-5.294533395809331751e+02
-5.369638096497627657e+02
-5.181249854889643984e+02
-5.438339332331786409e+02
-4.997855375620812310e+02
-5.475969448267723010e+02
-5.257013424360627596e+02
-5.334315731909449596e+02
-5.158418212187405061e+02
-5.046914889950693350e+02
-5.145560111412726201e+02
-5.347061050704785430e+02
-5.491686831593751776e+02
-5.133042898344173182e+02
-5.118668951689682558e+02
-5.452106634724916603e+02
-5.294378540632582144e+02
-5.391616976161398043e+02
-5.194888964671380336e+02
-5.334047192679562386e+02
-5.090215747645339093e+02
-5.369032351127754055e+02
-5.397948835523454818e+02
-5.444702353971817956e+02
-5.304445240772445231e+02
-5.406302475814950412e+02
-5.114977250474584025e+02
-5.405851053984247301e+02
-5.339227369109389656e+02
-5.153019016529694909e+02
-5.500377576473679255e+02
-5.397811143654599846e+02
-5.090610930614073482e+02
-5.345895387738517002e+02
-5.440430768228678744e+02
-5.064031727672424950e+02
-5.021853160419918254e+02
-5.328334487925116036e+02
-5.334287602585396826e+02
-5.447214318934078392e+02
-5.355369733552778371e+02
-5.148144468058476377e+02
-5.113420957118157162e+02
-5.451047542665039600e+02
-5.115468517593682805e+02
-5.280058156277053740e+02
-5.201938810317658408e+02
-5.350687518887444867e+02
-5.331482585757028119e+02
-5.165340708818418989e+02
-4.893669360334955059e+02
-4.889940914159694785e+02
-5.286369583938285359e+02
-5.486790585694010360e+02
-5.272083883553375472e+02
-5.224109232636608340e+02
-5.255144272068050668e+02
-5.351708860446913150e+02
-4.907649679982208113e+02
-5.348440264971651459e+02
-5.389196507123281208e+02
-5.242734483290838625e+02
-5.323430799978468713e+02
-5.479084461602460578e+02
-5.239468614008479790e+02
-4.934810017796663146e+02
-5.295174141387943791e+02
-5.405515839592344491e+02
-5.386321411751883943e+02
-5.429082444104988099e+02
-5.095527385311768285e+02
-5.205429590839945604e+02
-5.309796490896111436e+02
-5.264013508436386246e+02
-5.444367852656662308e+02
-5.282772030151264744e+02
-5.351529914276762838e+02
-5.354782009783245940e+02
-5.382465509930849521e+02
-5.333272719780624129e+02
-5.422989848805295878e+02
-5.381426521746066101e+02
-5.332302823008861878e+02
-5.362863408540238197e+02
-5.262519925766916913e+02
-5.491683864233118584e+02
-5.339521797826427019e+02
-5.275320290754502821e+02
-5.218201900932255057e+02
-5.209262306224018175e+02
-5.240303501091557337e+02
-5.288677606676072855e+02
-5.501368031706348347e+02
-5.283653478198873472e+02
-5.503087565503681162e+02
-5.459796645018909658e+02
-5.221376218392888404e+02
-5.458435173711653761e+02
-4.968356215534105331e+02
-5.053266463063628180e+02
-5.208618068323095258e+02
-5.177068736045539481e+02
-5.370834153146513472e+02
-5.231733438831533931e+02
-5.232053422289592390e+02
-5.122759089205436567e+02
-5.143165253290433157e+02
-5.253435757214176647e+02
-5.244681205012856253e+02
-5.498191559277146325e+02
-5.422413834513597521e+02
-5.226569627370847684e+02
-5.081643383917646020e+02
-5.159592729814082759e+02
-5.372633923733512802e+02
-5.329014189949454021e+02
-5.389567356904850612e+02
-5.493958029156001430e+02
-5.290567128831302171e+02
-5.388939784813071583e+02
-5.177597074523661149e+02
-5.513457917229129635e+02
-5.287641468834019634e+02
-5.198083814691439102e+02
-5.168436301117098992e+02
-5.188386553082807495e+02
-5.237628525828483816e+02
-5.039357332137553271e+02
-5.371950246574888297e+02
-5.390135578770364191e+02
-5.012083006023345888e+02
-5.170298924340906979e+02
-5.105726712035573200e+02
-5.533353483494956890e+02
-5.367018423431026122e+02
-5.326826056220460259e+02
-5.384700444287223036e+02
-5.461297834556506814e+02
-5.015552747907751723e+02
-5.211044347339817477e+02
-5.019898751837451982e+02
-5.322975395985797604e+02
-5.493613096731041878e+02
-5.324101836904055745e+02
-5.276171699437464895e+02
-5.196636054198155534e+02
-5.415210703528509839e+02
-5.176521375419763444e+02
-5.298560160821079990e+02
-5.105869438307630048e+02
-5.317889753643707991e+02
-5.216713664925729290e+02
-5.177678598668196628e+02
