4.768625736236572266e+00
4.515862941741943359e+00
4.286755561828613281e+00
4.261099338531494141e+00
3.794449090957641602e+00
3.660852193832397461e+00
3.521164178848266602e+00
3.418117046356201172e+00
3.118963003158569336e+00
3.051113843917846680e+00
2.944259166717529297e+00
2.699420213699340820e+00
2.509438991546630859e+00
2.563164234161376953e+00
2.324399232864379883e+00
2.371358871459960938e+00
2.238187789916992188e+00
2.172683238983154297e+00
1.974527001380920410e+00
1.986563920974731445e+00
1.882050395011901855e+00
1.788726449012756348e+00
1.738304495811462402e+00
1.744351625442504883e+00
1.696040511131286621e+00
1.689366817474365234e+00
1.587879300117492676e+00
1.486106038093566895e+00
1.474154233932495117e+00
1.442815542221069336e+00
1.404767036437988281e+00
1.369412422180175781e+00
1.299108266830444336e+00
1.259482741355895996e+00
1.252812504768371582e+00
1.243320345878601074e+00
1.203326225280761719e+00
1.233280062675476074e+00
1.226195693016052246e+00
1.243225693702697754e+00
1.251904129981994629e+00
1.127134203910827637e+00
1.194091916084289551e+00
1.137686014175415039e+00
1.111467838287353516e+00
1.114968538284301758e+00
1.067520618438720703e+00
1.155094623565673828e+00
1.014210462570190430e+00
1.033912539482116699e+00
1.113404989242553711e+00
1.005419969558715820e+00
1.102933168411254883e+00
1.019417405128479004e+00
9.748835563659667969e-01
9.877091646194458008e-01
1.002923846244812012e+00
9.869119524955749512e-01
9.993733167648315430e-01
1.012177348136901855e+00
9.776514172554016113e-01
9.376170039176940918e-01
9.147375822067260742e-01
1.004444241523742676e+00
9.372568130493164062e-01
9.717029929161071777e-01
9.058889150619506836e-01
9.576068520545959473e-01
8.520011901855468750e-01
8.890144228935241699e-01
9.284390211105346680e-01
9.024590253829956055e-01
8.494805097579956055e-01
8.606675267219543457e-01
8.521720767021179199e-01
8.262410759925842285e-01
8.087026476860046387e-01
8.375629782676696777e-01
7.967058420181274414e-01
7.936243414878845215e-01
8.162161707878112793e-01
7.978634834289550781e-01
7.868351340293884277e-01
7.671332955360412598e-01
7.995629906654357910e-01
7.402943372726440430e-01
7.800447940826416016e-01
7.360459566116333008e-01
7.368445992469787598e-01
7.001006007194519043e-01
7.063199281692504883e-01
7.148877382278442383e-01
6.919494867324829102e-01
6.747835874557495117e-01
6.900737881660461426e-01
6.658820509910583496e-01
6.726720333099365234e-01
6.353027224540710449e-01
6.384811401367187500e-01
6.149151325225830078e-01
6.301509737968444824e-01
6.319444179534912109e-01
5.836194753646850586e-01
5.905702114105224609e-01
5.484053492546081543e-01
5.805905461311340332e-01
5.577742457389831543e-01
5.380120873451232910e-01
5.383774042129516602e-01
5.563004612922668457e-01
5.068851709365844727e-01
5.223838686943054199e-01
5.083657503128051758e-01
4.921547472476959229e-01
4.686819612979888916e-01
4.707707464694976807e-01
4.417633116245269775e-01
4.826695322990417480e-01
4.572499692440032959e-01
4.422608613967895508e-01
4.485055506229400635e-01
4.323596358299255371e-01
4.237470626831054688e-01
4.182909727096557617e-01
3.999323248863220215e-01
3.919354379177093506e-01
3.986423313617706299e-01
3.761953711509704590e-01
3.624899983406066895e-01
3.643520772457122803e-01
3.512340784072875977e-01
3.243800103664398193e-01
3.449404239654541016e-01
3.303982615470886230e-01
3.211282193660736084e-01
3.209345042705535889e-01
3.096932470798492432e-01
3.008512556552886963e-01
2.952914535999298096e-01
2.844472229480743408e-01
2.723045051097869873e-01
2.692418098449707031e-01
2.581504881381988525e-01
2.564323246479034424e-01
2.549970746040344238e-01
2.456550598144531250e-01
2.288279980421066284e-01
2.245407700538635254e-01
2.126769125461578369e-01
2.345158457756042480e-01
2.110014408826828003e-01
2.081830054521560669e-01
2.030410319566726685e-01
2.014669328927993774e-01
1.856285184621810913e-01
1.880555450916290283e-01
1.957276910543441772e-01
1.729460656642913818e-01
1.639863103628158569e-01
1.657152026891708374e-01
1.667521148920059204e-01
1.677086651325225830e-01
1.498228013515472412e-01
1.560034155845642090e-01
1.499048620462417603e-01
1.427747607231140137e-01
1.530034840106964111e-01
1.426956057548522949e-01
1.325800120830535889e-01
1.349751353263854980e-01
1.222657784819602966e-01
1.297222673892974854e-01
1.271217763423919678e-01
1.279865056276321411e-01
1.144548282027244568e-01
1.197143942117691040e-01
1.160333007574081421e-01
1.161654964089393616e-01
1.118763238191604614e-01
1.027133166790008545e-01
1.077372282743453979e-01
1.136845797300338745e-01
9.556056559085845947e-02
9.799597412347793579e-02
9.190207719802856445e-02
9.250057488679885864e-02
9.132269024848937988e-02
8.749576658010482788e-02
8.266843855381011963e-02
7.859906554222106934e-02
7.492110878229141235e-02
6.808241456747055054e-02
6.832208484411239624e-02
6.361133605241775513e-02
6.258039176464080811e-02
6.262818723917007446e-02
5.963459238409996033e-02
5.857996270060539246e-02
4.673910886049270630e-02
4.815842956304550171e-02
5.217428132891654968e-02
5.246051400899887085e-02
4.521293565630912781e-02
4.719984903931617737e-02
4.348199814558029175e-02
4.335610941052436829e-02
4.548947140574455261e-02
4.204184189438819885e-02
4.777953028678894043e-02
4.534162953495979309e-02
4.715393111109733582e-02
4.552535340189933777e-02
4.789628461003303528e-02
4.547981545329093933e-02
4.350184276700019836e-02
4.670101404190063477e-02
4.866260662674903870e-02
5.113924294710159302e-02
4.397912696003913879e-02
4.394274950027465820e-02
4.941598325967788696e-02
4.421603679656982422e-02
4.929245635867118835e-02
4.392889887094497681e-02
4.652911052107810974e-02
5.059656500816345215e-02
4.487326368689537048e-02
5.000115185976028442e-02
4.565542563796043396e-02
4.944497719407081604e-02
5.092892423272132874e-02
5.127098038792610168e-02
4.772115871310234070e-02
5.203439667820930481e-02
5.095065012574195862e-02
5.007877573370933533e-02
4.907818883657455444e-02
5.125108361244201660e-02
5.162947252392768860e-02
5.218007415533065796e-02
4.973268136382102966e-02
5.165680125355720520e-02
5.142930522561073303e-02
5.046766251325607300e-02
5.171788483858108521e-02
5.446307733654975891e-02
5.383608490228652954e-02
4.945010691881179810e-02
5.317358300089836121e-02
5.371490493416786194e-02
5.397317558526992798e-02
5.513927713036537170e-02
5.528566986322402954e-02
5.279449000954627991e-02
5.689361691474914551e-02
5.791297927498817444e-02
5.431811138987541199e-02
5.593539029359817505e-02
5.982076004147529602e-02
5.926279351115226746e-02
5.448525771498680115e-02
5.749085173010826111e-02
5.860755965113639832e-02
5.761924758553504944e-02
5.701051279902458191e-02
6.195119395852088928e-02
6.242759153246879578e-02
6.018108502030372620e-02
5.740407481789588928e-02
5.758603662252426147e-02
5.918568372726440430e-02
6.405018270015716553e-02
6.251608580350875854e-02
6.428980827331542969e-02
5.820001289248466492e-02
5.985033884644508362e-02
6.271948665380477905e-02
6.383918970823287964e-02
6.676824390888214111e-02
6.534947454929351807e-02
6.077039241790771484e-02
6.695096194744110107e-02
6.119151040911674500e-02
6.394562870264053345e-02
6.498744338750839233e-02
6.043301895260810852e-02
6.301848590373992920e-02
6.124619394540786743e-02
6.613161414861679077e-02
6.510242819786071777e-02
6.656303256750106812e-02
6.638929247856140137e-02
7.121228426694869995e-02
6.609356403350830078e-02
6.693334132432937622e-02
6.770736724138259888e-02
6.683840602636337280e-02
6.919325888156890869e-02
6.912337243556976318e-02
7.116673886775970459e-02
7.100992649793624878e-02
7.293473184108734131e-02
7.027401030063629150e-02
6.963337957859039307e-02
6.941996514797210693e-02
7.057227194309234619e-02
6.857626885175704956e-02
7.280150055885314941e-02
7.307744771242141724e-02
7.184843719005584717e-02
7.261350005865097046e-02
7.281999289989471436e-02
7.467541098594665527e-02
7.039001584053039551e-02
7.320378720760345459e-02
7.553150504827499390e-02
7.310710102319717407e-02
7.667230069637298584e-02
7.345028966665267944e-02
7.721576839685440063e-02
7.552807033061981201e-02
7.455170154571533203e-02
7.769686728715896606e-02
7.627146691083908081e-02
7.572899013757705688e-02
7.513678073883056641e-02
7.954312860965728760e-02
7.549270987510681152e-02
7.569472491741180420e-02
7.622639089822769165e-02
7.798576354980468750e-02
7.842180877923965454e-02
7.788602262735366821e-02
7.746710628271102905e-02
8.038489520549774170e-02
8.115780353546142578e-02
8.263905346393585205e-02
7.550737261772155762e-02
7.725953310728073120e-02
8.042629808187484741e-02
8.148469030857086182e-02
7.983361929655075073e-02
7.746942341327667236e-02
7.736699283123016357e-02
8.290047198534011841e-02
8.203838765621185303e-02
7.963973283767700195e-02
8.608908206224441528e-02
8.191210776567459106e-02
8.372271060943603516e-02
8.045741170644760132e-02
8.082210272550582886e-02
8.581690490245819092e-02
8.485315740108489990e-02
8.562754839658737183e-02
8.504325896501541138e-02
8.485810458660125732e-02
8.590938895940780640e-02
8.441576361656188965e-02
8.365225791931152344e-02
8.403698354959487915e-02
8.656300604343414307e-02
8.510979264974594116e-02
8.461347222328186035e-02
8.448274433612823486e-02
8.668091893196105957e-02
8.370015770196914673e-02
8.292141556739807129e-02
8.661478757858276367e-02
8.707826584577560425e-02
8.803725242614746094e-02
8.540891110897064209e-02
8.813465386629104614e-02
8.511032164096832275e-02
8.922784030437469482e-02
8.945650607347488403e-02
9.041298925876617432e-02
8.893872797489166260e-02
8.730753511190414429e-02
9.082946926355361938e-02
9.159669280052185059e-02
8.611736446619033813e-02
9.169577807188034058e-02
9.062012284994125366e-02
8.798875659704208374e-02
9.031375497579574585e-02
9.287860989570617676e-02
9.467431157827377319e-02
9.691706299781799316e-02
8.956827968358993530e-02
9.135796129703521729e-02
9.388155490159988403e-02
9.343148022890090942e-02
9.379189461469650269e-02
9.581769257783889771e-02
9.851000458002090454e-02
9.116592258214950562e-02
9.238086640834808350e-02
9.009668231010437012e-02
9.663335233926773071e-02
9.411624819040298462e-02
9.254706650972366333e-02
9.596153348684310913e-02
9.306415915489196777e-02
9.861037135124206543e-02
9.419634193181991577e-02
9.647140651941299438e-02
9.728367626667022705e-02
9.985455870628356934e-02
9.340444207191467285e-02
9.890744835138320923e-02
9.925721585750579834e-02
9.583776444196701050e-02
9.777525812387466431e-02
9.684605896472930908e-02
9.802776575088500977e-02
9.849504381418228149e-02
1.033987626433372498e-01
9.787962585687637329e-02
9.752804785966873169e-02
1.010806411504745483e-01
9.906115382909774780e-02
9.873762726783752441e-02
1.029157266020774841e-01
9.859324246644973755e-02
1.007537096738815308e-01
1.012944877147674561e-01
1.044454127550125122e-01
1.016187667846679688e-01
1.007253527641296387e-01
1.022577658295631409e-01
1.033435687422752380e-01
1.022410467267036438e-01
1.023652032017707825e-01
1.020698621869087219e-01
1.009629219770431519e-01
1.013109833002090454e-01
1.045547351241111755e-01
1.022381633520126343e-01
1.043388769030570984e-01
1.070883870124816895e-01
1.056168228387832642e-01
1.038732677698135376e-01
1.035187393426895142e-01
1.015127822756767273e-01
1.049307435750961304e-01
1.061621904373168945e-01
1.043315753340721130e-01
1.010330244898796082e-01
1.031498089432716370e-01
1.047485098242759705e-01
1.079019978642463684e-01
1.036035791039466858e-01
1.041011586785316467e-01
1.082694530487060547e-01
1.072584837675094604e-01
1.070531606674194336e-01
1.084615066647529602e-01
1.062838584184646606e-01
1.061697527766227722e-01
1.086358949542045593e-01
1.069148257374763489e-01
1.070379167795181274e-01
1.070714071393013000e-01
1.083485409617424011e-01
1.089224517345428467e-01
1.063706204295158386e-01
1.086936742067337036e-01
1.089718416333198547e-01
1.095652282238006592e-01
1.079313904047012329e-01
1.065288558602333069e-01
1.112214699387550354e-01
1.121159642934799194e-01
1.085384935140609741e-01
1.107525005936622620e-01
1.080381795763969421e-01
1.109462529420852661e-01
1.103642657399177551e-01
1.112422719597816467e-01
1.099631935358047485e-01
1.115041375160217285e-01
1.123918443918228149e-01
1.107790768146514893e-01
1.114393249154090881e-01
1.089840754866600037e-01
1.106260865926742554e-01
1.120206192135810852e-01
1.144864410161972046e-01
1.145892888307571411e-01
1.150820925831794739e-01
1.131120100617408752e-01
1.099441275000572205e-01
1.150669157505035400e-01
1.156868785619735718e-01
1.113517880439758301e-01
1.131655424833297729e-01
1.160903722047805786e-01
1.126876696944236755e-01
1.140042394399642944e-01
1.123342663049697876e-01
1.172035783529281616e-01
1.140775829553604126e-01
1.149327754974365234e-01
1.125997081398963928e-01
1.154907271265983582e-01
1.118078231811523438e-01
1.145579293370246887e-01
1.126535311341285706e-01
1.146911755204200745e-01
1.154011338949203491e-01
1.127040907740592957e-01
1.161171272397041321e-01
1.144287884235382080e-01
1.135672628879547119e-01
1.129663512110710144e-01
1.157239973545074463e-01
1.160418242216110229e-01
1.173555031418800354e-01
1.151057481765747070e-01
1.139239519834518433e-01
1.167703270912170410e-01
1.184255480766296387e-01
1.156753450632095337e-01
1.152285188436508179e-01
1.197181344032287598e-01
1.172311529517173767e-01
1.192644536495208740e-01
1.185519173741340637e-01
1.204559355974197388e-01
1.193637847900390625e-01
1.209206432104110718e-01
1.221551299095153809e-01
1.168892309069633484e-01
1.200657039880752563e-01
1.211951971054077148e-01
1.202442869544029236e-01
1.230573207139968872e-01
1.208477839827537537e-01
1.203021556138992310e-01
1.186809539794921875e-01
1.216752901673316956e-01
1.219079345464706421e-01
1.182709261775016785e-01
1.217301487922668457e-01
1.199994310736656189e-01
1.210495010018348694e-01
1.230636909604072571e-01
1.204380542039871216e-01
1.192205697298049927e-01
1.227604076266288757e-01
1.215512230992317200e-01
1.209071651101112366e-01
1.229798272252082825e-01
1.203867122530937195e-01
1.226308345794677734e-01
1.244173720479011536e-01
1.241768896579742432e-01
1.239865049719810486e-01
1.203228682279586792e-01
1.241307333111763000e-01
1.200680732727050781e-01
1.245259270071983337e-01
1.244685426354408264e-01
1.227916628122329712e-01
1.231357082724571228e-01
1.254879236221313477e-01
1.252150535583496094e-01
1.250848472118377686e-01
1.252738833427429199e-01
1.246253773570060730e-01
1.238570958375930786e-01
1.236471459269523621e-01
1.241934895515441895e-01
1.268611997365951538e-01
1.248467043042182922e-01
1.270544677972793579e-01
1.295145153999328613e-01
1.273977756500244141e-01
1.256044656038284302e-01
1.289800852537155151e-01
1.252396553754806519e-01
1.273185461759567261e-01
1.274690032005310059e-01
1.247316002845764160e-01
1.280283629894256592e-01
1.287310868501663208e-01
1.266266703605651855e-01
1.289530247449874878e-01
1.274257600307464600e-01
1.287146210670471191e-01
1.237685158848762512e-01
1.283216625452041626e-01
1.292714923620223999e-01
1.280597895383834839e-01
1.278848946094512939e-01
1.294358074665069580e-01
1.273136883974075317e-01
1.287276446819305420e-01
1.305835098028182983e-01
1.286418586969375610e-01
1.285616904497146606e-01
1.312206238508224487e-01
1.308049559593200684e-01
1.300182938575744629e-01
1.302483379840850830e-01
1.322709619998931885e-01
1.299269944429397583e-01
1.283288300037384033e-01
1.299200654029846191e-01
1.324951648712158203e-01
1.326163709163665771e-01
1.296558976173400879e-01
1.326403319835662842e-01
1.312668174505233765e-01
1.322541832923889160e-01
1.314656883478164673e-01
1.296298652887344360e-01
1.295077353715896606e-01
1.326476037502288818e-01
1.315339952707290649e-01
1.297970265150070190e-01
1.322459429502487183e-01
1.322238147258758545e-01
1.315526068210601807e-01
1.329947263002395630e-01
1.315742284059524536e-01
1.337709575891494751e-01
1.328182518482208252e-01
1.364895850419998169e-01
